full_costs = [2, 3, 4, 1, 0, 0]
suff_costs = [0, 0, 4, 1, 3, 0]
full_pres = [0.0, 0.0, 0.0, 0.4444444477558136, 0.0, 0.0]
suff_pres = [0.0, 0.0, 0.0, 0.4444444477558136, 0.0, 0.0]

[ind_scr]
A0 = 0.0
B0 = 1.0
C0 = 1.0
D0 = 1.0
