full_cost = [2, 3, 4, 1, 0, 0]
full_pres = [0.0, 0.0, 0.0, 0.4444444477558136, 0.0, 0.0]
suff_cost = [0, 0, 4, 1, 3, 0]
suff_pres = [0.0, 0.0, 0.0, 0.4444444477558136, 0.0, 0.0]

[ind_scr.full_costs]
A0 = [2]
B0 = [3, 0]
C0 = [4]
D0 = [1, 0]

[ind_scr.suff_costs]
A0 = [0]
B0 = [0, 3]
C0 = [4]
D0 = [1, 0]
